{
  "advancedEditorSelectedIdentifier" : "ProjectBrowser",
  "openSceneRelativePaths" : [
    "Immersive.usda",
    "Mug.usda",
    "Hat.usda"
  ],
  "recentIdentifiers" : {
    "736A4716-DE25-4A29-906E-33403AFB6148" : [

    ]
  },
  "sceneCameraHistory" : {
    "736A4716-DE25-4A29-906E-33403AFB6148" : [
      {
        "date" : 728443440.977879,
        "title" : "Untitled",
        "transform" : [
          -0.83198255,
          1.5854454e-08,
          0.55480176,
          0,
          -0.055798847,
          0.99492955,
          -0.08367612,
          0,
          -0.55198866,
          -0.100574344,
          -0.82776403,
          0,
          -0.1982048,
          0.08927618,
          -0.3984587,
          1
        ]
      },
      {
        "date" : 728443433.672486,
        "title" : "Untitled",
        "transform" : [
          -0.83198255,
          1.5854454e-08,
          0.55480176,
          0,
          -0.055798847,
          0.99492955,
          -0.08367612,
          0,
          -0.55198866,
          -0.100574344,
          -0.82776403,
          0,
          -0.43065235,
          0.034717124,
          -0.81998914,
          1
        ]
      },
      {
        "date" : 728443378.664199,
        "title" : "Untitled",
        "transform" : [
          -0.83198255,
          1.5854454e-08,
          0.55480176,
          0,
          -0.055798847,
          0.99492955,
          -0.08367612,
          0,
          -0.55198866,
          -0.100574344,
          -0.82776403,
          0,
          -0.2725242,
          0.06352864,
          -0.5828599,
          1
        ]
      },
      {
        "date" : 728427594.86687,
        "title" : "Untitled",
        "transform" : [
          -0.83198255,
          1.5854454e-08,
          0.55480176,
          0,
          -0.055798847,
          0.99492955,
          -0.08367612,
          0,
          -0.55198866,
          -0.100574344,
          -0.82776403,
          0,
          -0.36285582,
          0.03127877,
          -0.5187045,
          1
        ]
      },
      {
        "date" : 728427590.133579,
        "title" : "Untitled",
        "transform" : [
          -0.83198255,
          1.5854454e-08,
          0.55480176,
          0,
          -0.055798847,
          0.99492955,
          -0.08367612,
          0,
          -0.55198866,
          -0.100574344,
          -0.82776403,
          0,
          -0.23815766,
          0.053999238,
          -0.33170652,
          1
        ]
      },
      {
        "date" : 728427587.248393,
        "title" : "Untitled",
        "transform" : [
          1,
          0,
          0,
          0,
          0,
          0.8660254,
          -0.5,
          0,
          0,
          0.5,
          0.8660254,
          0,
          0.020745022,
          0.32971337,
          0.44422162,
          1
        ]
      },
      {
        "date" : 728427583.71048,
        "title" : "Untitled",
        "transform" : [
          1,
          0,
          0,
          0,
          0,
          0.8660254,
          -0.5,
          0,
          0,
          0.5,
          0.8660254,
          0,
          0.04070025,
          0.46304092,
          0.6751517,
          1
        ]
      },
      {
        "date" : 728427414.978477,
        "title" : "Untitled",
        "transform" : [
          1,
          0,
          0,
          0,
          0,
          0.8660254,
          -0.5,
          0,
          0,
          0.5,
          0.8660254,
          0,
          0.03940118,
          0.4157904,
          0.7024318,
          1
        ]
      },
      {
        "date" : 728427406.693629,
        "title" : "Untitled",
        "transform" : [
          1,
          0,
          0,
          0,
          0,
          0.8660254,
          -0.5,
          0,
          0,
          0.5,
          0.8660254,
          0,
          0.14087327,
          2.0795832,
          2.482751,
          1
        ]
      },
      {
        "date" : 728427397.154131,
        "title" : "Untitled",
        "transform" : [
          1,
          0,
          0,
          0,
          0,
          0.8660254,
          -0.5,
          0,
          0,
          0.5,
          0.8660254,
          0,
          -3.7252903e-09,
          0.2648483,
          0.4009259,
          1
        ]
      }
    ],
    "AF09ED6F-1707-48FD-8720-65B998362C09" : [
      {
        "date" : 728427357.652188,
        "title" : "Untitled",
        "transform" : [
          0.99999994,
          0,
          0,
          0,
          0,
          0.86602443,
          -0.50000155,
          0,
          0,
          0.50000155,
          0.86602443,
          0,
          0.3168282,
          2.2498121,
          0.16136312,
          1
        ]
      },
      {
        "date" : 728427343.945343,
        "title" : "Untitled",
        "transform" : [
          0.99999994,
          0,
          -0,
          0,
          -0,
          0.86602443,
          -0.50000155,
          0,
          0,
          0.50000155,
          0.86602443,
          0,
          0,
          3.8470676,
          4.5459776,
          1
        ]
      }
    ],
    "E9B071C5-9419-4E6B-98F9-43603DCA943A" : [
      {
        "date" : 728444102.996052,
        "title" : "Untitled",
        "transform" : [
          1,
          0,
          0,
          0,
          0,
          0.8660254,
          -0.5,
          0,
          0,
          0.5,
          0.8660254,
          0,
          0.60215664,
          1.3025141,
          -1.0368869,
          1
        ]
      },
      {
        "date" : 728444058.099976,
        "title" : "Untitled",
        "transform" : [
          1,
          0,
          -0,
          0,
          -0,
          0.8660254,
          -0.5,
          0,
          0,
          0.5,
          0.8660254,
          0,
          2.0970566,
          5.7293286,
          5.74004,
          1
        ]
      },
      {
        "date" : 728444056.226277,
        "title" : "Untitled",
        "transform" : [
          1,
          0,
          0,
          0,
          0,
          0.8660254,
          -0.5,
          0,
          0,
          0.5,
          0.8660254,
          0,
          -1.5774462,
          2.4138222,
          9.799335,
          1
        ]
      },
      {
        "date" : 728444051.094605,
        "title" : "Untitled",
        "transform" : [
          1,
          0,
          0,
          0,
          0,
          0.8660254,
          -0.5,
          0,
          0,
          0.5,
          0.8660254,
          0,
          -1.0372736,
          5.781929,
          9.037529,
          1
        ]
      },
      {
        "date" : 728444046.38304,
        "title" : "Untitled",
        "transform" : [
          1,
          0,
          0,
          0,
          0,
          0.8660254,
          -0.5,
          0,
          0,
          0.5,
          0.8660254,
          0,
          -1.2908511,
          6.5707216,
          10.775725,
          1
        ]
      },
      {
        "date" : 728444037.377263,
        "title" : "Untitled",
        "transform" : [
          1,
          0,
          0,
          0,
          0,
          0.8660254,
          -0.5,
          0,
          0,
          0.5,
          0.8660254,
          0,
          -25.281631,
          81.19779,
          175.22507,
          1
        ]
      },
      {
        "date" : 728443294.574811,
        "title" : "Untitled",
        "transform" : [
          1,
          0,
          0,
          0,
          0,
          0.8660254,
          -0.5,
          0,
          0,
          0.5,
          0.8660254,
          0,
          -0.0045172255,
          0.019774124,
          0.07026859,
          1
        ]
      },
      {
        "date" : 728443255.434196,
        "title" : "Untitled",
        "transform" : [
          1,
          0,
          -0,
          0,
          -0,
          0.8660254,
          -0.5,
          0,
          0,
          0.5,
          0.8660254,
          0,
          0.045643926,
          0.16831517,
          0.29766726,
          1
        ]
      },
      {
        "date" : 728443217.825091,
        "title" : "Untitled",
        "transform" : [
          1,
          0,
          0,
          0,
          0,
          0.8660254,
          -0.5,
          0,
          0,
          0.5,
          0.8660254,
          0,
          -0.0072227707,
          0.019276682,
          0.0762673,
          1
        ]
      },
      {
        "date" : 728443214.521818,
        "title" : "Untitled",
        "transform" : [
          1,
          0,
          0,
          0,
          0,
          0.8660254,
          -0.5,
          0,
          0,
          0.5,
          0.8660254,
          0,
          -0.008356787,
          0.03650966,
          0.12117338,
          1
        ]
      }
    ]
  },
  "selectedSceneRelativePath" : "Hat.usda"
}